      0    314    268    330    265    232    329    337    309    339
    314      0    320    385    333    246    292    285    337    229
    268    320      0    296    236    293    385    313    236    332
    330    385    296      0    314    327    306    229    237    346
    265    333    236    314      0    306    341    246    247    322
    232    246    293    327    306      0    281    365    293    320
    329    292    385    306    341    281      0    301    308    214
    337    285    313    229    246    365    301      0    304    274
    309    337    236    237    247    293    308    304      0    335
    339    229    332    346    322    320    214    274    335      0
