      0    323    301    278    289    286    257    251    318    210    332    205    363    307    313    369    241    231    380    337
    323      0    333    331    321    210    342    279    285    330    375    288    324    306    211    323    292    264    332    265
    301    333      0    294    278    309    305    301    338    322    315    287    229    218    343    336    302    236    289    265
    278    331    294      0    281    250    280    256    257    290    230    286    282    325    274    245    256    258    324    324
    289    321    278    281      0    318    268    332    332    235    380    283    260    372    317    269    335    390    329    342
    286    210    309    250    318      0    272    322    282    256    236    272    253    319    294    234    314    275    324    269
    257    342    305    280    268    272      0    313    358    310    261    374    302    321    266    268    288    279    258    287
    251    279    301    256    332    322    313      0    284    335    345    357    288    330    262    305    276    227    252    318
    318    285    338    257    332    282    358    284      0    265    242    284    375    339    373    365    274    258    328    257
    210    330    322    290    235    256    310    335    265      0    305    220    234    276    335    246    314    269    254    287
    332    375    315    230    380    236    261    345    242    305      0    217    259    344    315    290    293    266    365    287
    205    288    287    286    283    272    374    357    284    220    217      0    204    235    323    279    283    317    332    338
    363    324    229    282    260    253    302    288    375    234    259    204      0    310    289    230    251    308    303    354
    307    306    218    325    372    319    321    330    339    276    344    235    310      0    315    351    310    370    252    221
    313    211    343    274    317    294    266    262    373    335    315    323    289    315      0    247    301    249    211    241
    369    323    336    245    269    234    268    305    365    246    290    279    230    351    247      0    336    314    319    301
    241    292    302    256    335    314    288    276    274    314    293    283    251    310    301    336      0    330    286    228
    231    264    236    258    390    275    279    227    258    269    266    317    308    370    249    314    330      0    291    298
    380    332    289    324    329    324    258    252    328    254    365    332    303    252    211    319    286    291      0    261
    337    265    265    324    342    269    287    318    257    287    287    338    354    221    241    301    228    298    261      0
